1000
328 915 381 884 596 905 586
549 214 743 851 183 331 350
95 563 673 247 768 859 307 478
6 461 603 818 156 973 475 245 112 754 167 659 657 713
959 478 534 331 421 73 945 507 822 327 25 53
826 897 154 76 873 541 137 734 602 440
367 3 617 213 630 919 543 143
910 906 837 534 643 828 671
73 218 384 427 433 539 850 341 243 700
67 988 960 851 690 498 784
597 408 662 390 314 214 866 789 126
276 941 950 620 342 979 322 776
451 807 178 256 519 464 435
220 961 295 438 746 826 71 649 796 127 906
94 516 714 630 119 484 266 546 685 124 93 952 618 465 832
32 787 721 741 923 181 928 577
70 907 476 210 641 774 57 592 90 757 677 573 451 147 833 692
719 624 354 75 891 361 71 392 321 326 124
311 415 234 350 490 352 837 969 149 404 56
558 224 632 912 872 753 430 851
82 69 412 525 138 173 696 365 678 809
518 957 931 823 887 674 567 628 613 740
337 490 741 56 454 343 485 774 640 582 134 384 283
207 24 525 504 718 871 301 889
402 369 580 23 934 36 444 380 463 44 702 272 846 58
74 405 303 110 567 293 992 4 325 719 761
142 156 794 446 636 398
44 312 530 404 736 871 136 366
530 682 306 987 352 138 360 241 667 687
859 769 158 169 581 331 107 113 81 939 986 251
290 837 605 713 135 600 450
744 761 565 329 85 533 689 802 828 378 948 174 863 303 166 916
332 388 649 15 536 794 248 922 41 604 328 45
112 331 752 239 604 805 941
930 667 199 488 792 437 730 860 794 808 395 311
820 224 647 431 655
243 813 313 659 119 24 924 503 583 208 730 151
590 366 572 535 628 881 539 72 335 820 724 862 784 563
268 975 170 640 870 207 668 377 254 82 119
771 502 172 459 184 264 839 208 594 126 654
915 58 366 904 926
362 494 631 820 737 180 32 134 300 801
375 547 644 716 684 781
484 56 45 63 464 604 543 267 663 159
27 638 820 849 844 714 882 486 519 24 863 562
834 225 43 693 995 32
878 253 208 766 832 446 705 876 894 489 584
157 399 90 716
848 616 759 241 642 96 234 60 365 488
497 493 184 236
288 469 972 863 479 943 722 572 148 838 270 951 664
748 258 232 304
360 441 75 546 129 123 709 471 418 814 366
858 76 870 551 848 501 706 672 83 381 614 4
114 815 157 639 494 751 207
350 819 307 919 899 274 872 526 820 363
383 43 22 847 882 485 815 495 959 646 264 244 18 374
16 221 782 122 583 517 789 210 206
119 950 777 40 416 438 702 543 24
743 658 262 987 644 385 185 215 973 943 303
992 941 552 616 342 48 582 704 904 899 474
307 582 852 531 109 402 607 380 617 432 395 496 207 458 212
921 507 949 123 768 882 168 372 628 774 199 140 122 730 690 585 380 577
606 911 43 963 524 320 539 666 567 90 225 64 703 268 131
528 933 428 259 470 747 818 188 879 910 84 63 483 402
431 627 657 964 153 625 689 100 199 707
451 281 236 368 971 94 755 577 302 170
229 9 445 673 101 873 179 706
209 481 338
252 70 20 908 446 915 451 542 523 703
393 69 16 364 858 120 930 886 773 704 820 508 412 623 647 559 270 389
550 457 104 13 713 842 17
37 899 108 734 160 493
8 821 319 588 760 4 191 876 151 536 115 207
453 25 502 279 165 959
731 986 17 448 709 52 981 903 447 391 642 754 538
183 53 5 691 381 416 81 317 213 211
704 248 154 270 860 243 664 702 280 99 905 775 241
923 474 939 215 328 192 227 922 400 946 98
152 877 348 682 313 264 923 773 735
999 314 379 386 716 783 123 712 234 190 446 752
168 535 873 427 453 124 577 959 29 537 76 807 265 480 835
260 20 411 955 825 269 361 488 221 38 523
435 783 790 288 687 53 423 406 225 438 587
482 383 549 64 554 629 477 620
592 31 353 997 129 732 415 634 583 608
637 720 297 747 696 878 862 961 422 327
865 363 581 447 733 384 591 287 673 888 305 874
376 263 961 865 399 498 810 426
221 236 679 862 530 645 399 554 108 208 853
707 16 818 614 47 63 400 764
465 414 582 545 209 479 324 746 527 108 205
301 686 415 682 137 827 993 787 618 479
648 129 505 477 603 716 14
14 850 677 410 365 793 500 822 66 933 202
2 122 334 917 991 479 647 176 360
666 949 155 863 308 48 311 658 407 581 580 857 440 291
352 235 512 541 217 546
468 100 550 792 224 988 283 976 78
585 699 199 632 606 870 77 871 866 415
171 98 321 138 390 705 502 131 572 194 65 611 450 783
949 67 601 722 904 606
415 429 186 686 828 184 621 730 964 889 701
210 610 925 295 345 187 845 482
683 71 575 583 237 350 963
979 911 996 717 164
880 822 914 941 702 175 585 731
668 457 631 782 119 29 172 118
293 72 271 838 91 89 834 869 789
668 566 895 647 469 61 216 306 559 930 666
900 655 25 645 860 125 700 794
229 413 621 148 150 206 890 477 373
864 975 220 855 888 494 33 346 280 802 253 3 428 262
437 192 725 392 488 507 29 466 262
548 846 54 363 984 428 139 183 755 158
415 731 612 858 239 597 950 374 473 240 962 317 528 650 73 316
189 313 803 128 705 971 917 894 558 872
501 525 215 549 729 443 996 873 861 561 213
400 986 470 478 886 582 107
58 790 36 107 14 974 958 38
682 70 451 240 503 366 994 566 274 849 606 454
434 694 893 478 213 679 633 438 935 593 796 617 125 254 330 204
175 775 402 451 95 324 893 57 367 124 755 163 474 803 740 62 860
428 62 696 657 834 665 80 124 52 614 140 593 686 551
879 614 122 330 123 295 612 81 14 239 17 576
214 143 382 991 384 745 337 110 539 279 643 121 865 318
806 482 990 878 470 742 39 281 506 10
913 632 920 677 456 826 797 346 388 179 729 686 13
760 453 116 996 679 145 409 400 331 816 376 311 744 234
635 93 746 85 756 52 776 677
768 707 738 631 661 711 339 131 819 355 167
682 656 489 943 130 100 258 883 63
377 808 628 343 134 814 487 759 301
273 835 388 590 275 610 785 557 619
702 379 323 570 192 754 132 22 41 376
868 214 332 637 371 234 966 600 30 790 903 418 546 272 870 544 178
520 612 633 390 27 480 436 722 602
238 569 351 536 655 139 92 219 276 491 5 747 744 962 261 890 826 842 278 362 343
455 100 222 330 20 229 28 650
137 114 962 449 789
808 459 238 614 272 123 936 62 310 298 243 940 215
368 805 827 587 187 804 367
893 26 728 436 681 910 807
125 704 493 753 6
974 815 543 449 754
922 493 373 921 996 680 128 520 278 842 582 150 555 931 496 455 994 421
254 308 544 974 676 158 779 906 995
274 528 526 597 16 955 262 962 440 829 213
551 111 50 330 308 186 997 406 259
853 431 18 204 323 888 451 641 569 794 403 811 976 807
496 188 490 111 636 145 798
981 546 323 633 866 461 813 73 740 609 752 36
79 894 368 730 291 438 242 593 620 261 258
418 505 358 406 823 65 436 165 984 377 455
430 5 77 741 191 237 673 441 583 361 770 606 445 657
417 96 508 303 554 881 620 507 718 660 892
427 809 26 612 3 432 285
47 891 458 254 189 271 188 54 966 659 934 751 901
523 472 29 696 384 939 867 322 949 146 536 114 669
814 705 492 726 388 594 448 622 379 43
778 415 759 452 894 72 832 428 673
605 741 339 266 759 480 960 736 301 377 335
289 198 262 899 712 796
763 500 910 265 122 673 487 585 619 719 787 577 559
804 188 892 338 419 202 869 105
800 188 74 176 153 915 724 910 736 364 376 650 221
761 822 530 293 889 818 394 419 775 31
889 881 452 367 966 3 652 130
81 335 386 584 579 62 268 770 338 811 426
276 281 270 879 775 29 788 344 752 834 749 689 256
38 480 647 784 344 501 280 631 66 366 275
100 885 358 565 336 410
901 39 358 851 334 973 216 228 914 243 236 883 107 405 864
645 267 987 20 497 688 357 756 282 775
892 416 386 277 456 911 340 189 547 31 654 209 409
398 122 327 365 486 426 106 971
578 165 364 247 506 369 212 539 95
276 497 951 584 830 256 990
512 980 533 972 759 479 896 12 272 834 931 822 415 135
336 357 924 623 205 127 67
837 340 313 241 545 936 425 874 975 41 811 645 349
335 211 732 404 661 15 400 994 643 696
493 686 751 540
449 76 405 826 459 416 114 1 511 955 933 477 386 515 659
716 683 39 604 623 102 617 49 380 319 351 586
227 776 289 320 59 891 470 609 829 565
225 102 905 262 722 148 812 649
921 426 397 141 747 925 103 593
164 385 942 150 165 157 528 548 793 64 273 591 806
116 157 696 586 350 174 629 237 318 465 447
670 325 218 435 766 80 782
413 925 373 154 73 851
113 287 931 570 134 663 78 452 749 400 965 946 350 263
745 730 567 848 652 900 790 843 932 223
440 100 639 815 897 471 506
322 366 599 568 663 765 260 212 358 469
970 964 355 583 234 426
325 276 646 756 224 772 271 846 411 749
657 341 692 907 659 162 972 485 819 347 319 838
647 527 418 99 34 525 292 300 856 62 65 987 741
672 375 892 982 524 373 878 624 328 651 875 545 933
529 286 373 462 838 208
982 836 354 408 525 590 254 164 419 94 823 869 458
456 923 801 941 573 611 907
911 781 941 149 808 675 413 121
715 240 741 793 492 750 611 872 519 179 221 91
867 435 381 570 996 525 331 591 111 429 57 403 352 444
23 360 795 38 964 548 781 61 54 796 73
882 46 692 854 776 749 428 39 559 36 201 89
333 68 392 233 91 602 327 475 174 874 900
103 672 16 808 905 345 665 738 357 57
284 538 181 489 735 542 752 76
332 287 943 636 176 195 61
722 457 858 121 6 253 734 465 357 497 76 117 829 147 488 874
135 125 1 259 465 988 231 324 255 10 679
825 724 78 117 882 587 337 59 388 396 375 303 286 140
632 562 545 109 724 172 712 815
758 873 694 97 529
382 8 809 190 361 547 850 303 669
926 303 137 442 507 487 839 338 874
13 112 636 524 874 422
670 350 89 710 57 991 683 975 556 621 839 82 205 165 363
138 392 273 905 675 476
893 369 443 705 382 282 266 293 800 804 896 950 653 797 412 992 252 193 378
19 686 326 197 622 328 98 248 386 35 763 421 862 331
476 186 339 45 926 832 83 63 851 924 341 876
450 972 881 985 251 459 853 756 644
185 302 787 78 535 415 692 621
257 755 470 172 897 387
569 67 111 675 538 682 572 422 138 581
823 905 252 949 882 486 745 615
911 351 214 736 438
913 454 900 51 376 824 956 835
640 209 541 975 528 350 763
18 673 135 48 80 611 196 128
374 97 874 279 553 409 958 329 362 465 612
89 971 66 888 264 300 854 172 49
696 460 993 827 154 546 422 396 104 889 189 741 829
137 743 682 140 450 795 938
934 721 655 528 829 624 286 115 510 33 124 648 997
905 205 715 902 832 120 115 314
429 394 914 406 48 249 180 262 657 264 28 77
702 276 152 405 844 555 297 341
36 593 766 77 455 390 172 8 140 886
333 437 422 507 715 454 56
881 644 988 396 915 3 631
490 942 770 683 828 262 666 419
948 909 2 481 939 176 672 737 938 465 541
640 77 547 702 224 32 771 699 567
954 241 467 783 275
595 990 431 918 481 342 459 567
902 497 380 226 768 820 418 914 29
69 304 262 855 376 230 762 536 223 374 669
46 585 974 447 213 603 372 112 839 601 294
146 157 718 202 840 905 38 121 524
257 308 433 596 214 429
618 356 844 443 472 605 560 12 864 709 771 911 177 169
255 710 278 228 465 821 313 506 496 493 988 698 763 737 321 275 447
581 354 51 676 131 724 527 152
214 638 384 655 64 915 539 988 317 724 733 148 807
82 967 864 615 713 819 873 401 739 195 957 918 719
612 522 738 700 797 137 796 152 461
778 252 383 59 162 186 241 925 147 804 700 528 112 808 759 424 246 113
291 393 88 624 365 676 192 745
474 522 608 39 236 325 79 56 241 476
550 320 163 954 721 975 950 81 711 828 779 299
291 942 161 223 14 825 499 881 811
173 737 757 296 692 713 278 43 694 400 814
38 337 367 408 661 561 676 168 439 821 307 456 744 63 492 859
270 843 717 503 82 913 680 697
706 77 169 397 269 494 959 70 324 50 506
543 726 348 530 515 843 534 157 197 840 108 662 461 868
450 651 340 941 140 178 883 135 284 24
306 491 133 723 835 406 370 188 222 593
147 536 55 581 377 120 394 535
743 810 981 945 280 133 628 521 257 249 170
177 169 506 875 197 776 11 766 398 813 242 137 838 691 366
648 298 174 424 762
257 145 267 692 137 539 549 954
602 337 74 235 369 125 467 926
499 361 550 903 112 170 77 275 300 933 657 386 910
169 400 66 728 430 574 898 126
473 223 839 838 814 458 173
891 335 98 316 365 675 22 875
211 632 390 302 555 640 826 382 732 437 334 751 272
850 530 965 532 746 518 156
201 239 639 353 691 502 990 215
192 541 319 929 298 824 212 437 941 367 87 307 525
50 607 83 555 652 588 787 961 821 947 313
185 746 364 524 162 895 304 596 517 942
30 544 399 543 383 570 566 382
263 266 632 669 818 575 811 372 152 594 644 726 396 96
564 199 713 504 632 906
108 223 25 166 503 401 980 644 839 312 960
324 968 438 895 420 332 663 858 253
13 124 103 404 402 703 523
342 918 596 267 808 881 910 997 542 589 720
859 833 540 86 948 657 483 423 840 242
371 806 277 677 287 830 777 647 140 931 467 790 505 576
608 441 392 428 716 776 335 265
416 826 199 236 865 822 689 280 41 372
92 740 558 574 837 591 637 876 733 161 452 946 488 23 522 132
613 227 284 922 587 465 310 817 66 563 741
219 788 726 25 666 155 367 330 562 344 818 218 612 215 31 59
491 252 707 831 289 767 51 341 378 729 923
900 345 637 581 712 582 604 87 883
273 468 28 310 719 109 363 544 727
61 55 389 704 268 595 832 287 2
146 255 96 509 558 148 619
486 902 463 410 464
984 808 904 306 430 778 920 140 302 796
18 923 968 886 96 441 407 493 858 376 577 34 627 482 368 956 128 971
775 27 686 434 600 544 661 829 738 504 293
363 36 471 116 180 257 321 79 920 546 630 288
80 621 702 10 956 472 240
749 573 841 443 691 560 868 354 525 621 521
500 938 614 283 532 115
429 374 886 115 936 259 76 661
815 460 816 687 860 760 189 125
287 73 184 198 606 954 995
265 921 773 926 185 562 63 464 842 671 785
761 349 100 313 833 17 377 257
195 935 826 900 807 477 158 563 11 646
503 918 134 372 151 395 149 449 638 614 476
294 361 122 856 91 374 770 918 214 943 767 641 270 670 964
197 190 848 264 25 680 954
224 952 825 813 457 723 17 712
175 490 577 642 469 511 209 893 4 86
0 224 358 78 375 386 845 788 200 32
415 31 789 660 235 479
854 740 995 928 718 138 303 985 124 148 947 726 121 341
206 703 33 4 29 778 335 687 993 128 414 519 491 224 1
32 135 212 963 410 886 555 294 534 748
209 244 388 903 809
380 340 172 658 95 451 495 604 411 566 353 284
181 168 577 994 468 283 851 37 557 858 331 933 161 922 878 299
179 699 617 605 171 912
22 268 985 839 279 584 929 863 215 928 988 733 125 974 439 828 780
568 164 547 432 168 383 68 340 542 219 839
906 225 161 744 130 676 650 621 514
180 394 272 974 889 334 856 859 943 829 174 347 513 338 671 657
198 782 528 799 744 821 471 406 304 8 435 225 572 330 242
296 762 60 11 417 699 250 590 818 502
891 22 132 999 367 612 591 463 137
402 170 468 877 435 303 169 513 422 612
389 817 810 210 305 364 834 103 425 780 737
569 112 915 127 695 726 519 503 823 987
918 957 847 626 763 401 488 340 198 806 496 404
271 632 648 79 396 834 920 909 387 529 811 700
321 520 404 877 717 444 781 180 977 423
55 899 221 934 18 656 450 554 403 189 233 938 104 192 546 1
231 137 830 620 846 655 700 990 518 562 184 355 495
97 403 639 702 18 28 703 427 891 860 431 206
809 85 528 286 954 334 786
17 202 258 828 627 913 359 315
715 525 961 538 751 196 351 130 548 930
256 832 914 992 808 438 415
555 553 179 831 803 413 694 423 845 210 834 213 173 620 625 379 366
153 904 172 328 972 826 825 171 752 808 408 643 531 633 195 647 675
831 561 819 354 668
52 468 672 207 954 576 471 481 688 28 95 856
280 324 393 565 17 475 218 498 402 445 82 486 154 775 520
41 648 400 492 405 905 235 398 137
313 87 114 487 524 925 660 656 306 685 55 750 221
621 289 594 842 70 513 643 465 444 642 345 176 759 165
560 500 94 175 738 666 48 263 283 20
195 37 618 527 40 120 576 831 987 276 629 856 768 710 52 357 369 170 27
967 6 268 303 122 372 747 573 343 287 686 167 141 975 577
141 152 417 66 568 695 311
223 831 24 654 279 796 827 176 838 788 366
917 483 620 615 877 550 625 273 581 544
298 397 651 135 967 600 379 954 403 958
860 744 323 367 389 291 62 253 300
571 145 191 913 201 596 599 200 715 565 981 709 111
235 636 317 324 482 115 455 252 56
380 200 42 405 874 328 215
88 927 252 232 311 448 128 561 165 134
649 132 501 564 632 480 953 884 38 274 511 812 690 321 161 153 483
569 703 31 387 304 696 797 223
134 80 571 682 371 680 882 887 673 853 687 964 357 159
835 375 721 978 527 334 251 429 24 929 990 61 184 748 62
206 703 568 487 0 385 845 53 829 76 611
218 698 511 223 962 456 125 284 780 423 662 870 290
56 262 84 817 290 748 338 807 507
8 930 259 158 662 87 125 503 601 22 717
188 59 381 851
168 174 80 542 727 328 224 183 280
603 661 595 919 751 664 378 228 348 618 677
32 333 665 661 398 127 840 133 215 976 159
418 345 974 584 924 779 307 828 372 572 832 473 70 737
284 100 136 810 665 10 243 669 419
528 931 75 727 569
610 113 209 785 222 648 702 17 859 638 299 809 499 619 830
70 263 361 458 414 864 424 457 801 951 591
241 340 597 671 874 683 722 985 660 166 274 961 418
921 883 831 323 759 34 61
435 917 462 672 831 245 752 726 237 574 215 348 510 291 718
408 371 829 620 270 469 187 718 676
175 627 437 276 388 362 26 700
504 88 290 927 47 89 770 666 497
118 632 281 970 362 649 718 192 128 181 90 78 267 474
862 549 770 810 491 638 260 570 347 293 426 752
678 24 605 122 344 551 994 403 61 361 490 295 64
884 611 567 352 655 705 402 350 371 563 413 650 206 149
764 349 923 27 896 181 295 18 860 420 347
183 25 375 429 362 981 242 438 172
241 153 542 341 273 83 749 148 634
616 620 96 311 432 773
397 268 10 608 202 521 968 358 658 555 592
532 420 455 235 128 518 174
937 94 332 507 585 309 567 862 652 171
958 598 82 949 626 979 334 197 540 990 710
904 613 20 471 70 223
191 111 357 660 403 439 673 204
808 91 869 718 393 506 423 946 331 558 729
102 160 115 329 18 725 972 92 85 756 497 227 792 99 356 763 178
752 174 300 624 800 920 58 183 837 76 627
155 368 488 718 342 928 778
389 153 199 251 52 135 731 394 789
425 439 934 164 202 729 586 166 820 246 390
830 409 724 294 558 404 954
763 4 499 224 145
593 478 244 229 237 344 629 220 86
491 658 436 414 357 904 297 83 852 382 349 776
277 588 393 262
419 701 180 699 345 580 549
187 175 88 857 589 196 634 401 911 168
8 798 585 156 598 81 352 540 729 869
508 64 828 123 114 620 208 112 299 812 160 486
241 750 102 317 405 847 380 958 519 206 255
154 692 281 310 778 887 442 865 483 19
65 250 698 619 517 149 849 669 35 747 647 352 994
838 156 338 61 466 407 499
593 568 8 773 255 845 641 842
755 645 121 312 969 504 680 825
206 83 605 396 344 920 743 745 906 190 779 341 12
423 142 486 153 136 484 512 609 727 971
113 244 398 34 287 548 510 284 525 643
13 632 294 58 651 121 747 593 152 83 890 356 405 989 231
980 811 643 419 793 455 794 268 666 413 337 485
194 770 749 596 684 5 147 96
52 574 299 311 154 626 712
503 764 844 219 430 738 483 875 934 976
223 256 315 117 881 496 534
24 364 349 644 549 936 206
67 796 493 361 154
897 519 812 69 46 26 708 802 782 80 760 680
931 857 87 253 566 716 75 189 257
702 778 75 513 547 584 376 159 901
183 672 686 671 144 659 946 323 139
226 272 926 238 350 100 469 505 30
66 122 623 120 334 16 69 12 499 755 149 629 813
167 192 160 301 735 556
547 74 998 950 805 128 955 893 81
714 474 22 232 901 823 879 894 244 120
633 138 409 699 481 439 243 145 374 153
839 203 127 174 612 673 382 461 622 692 948 268
885 107 993 643 213 326 733 71 393
157 393 630 282 730 726 798 965 202 61
901 547 140 39 474 183 226 608 250 771
237 318 980 674 967
815 3 456 151 271 900 769 760 261 491
466 396 550 876 201
470 24 309 829 343 641 979 878
43 661 850 320 486 12 309 993
91 756 257 560 683 364 768 214 557 302 628 213 14 189 247 235
462 575 864 432 113 774
604 249 597 711 279 523 298 626
98 360 344 306 335 842
109 327 927 50 397 811 659 895 872 760 450 195
118 64 533 463 126 860 228 185
752 313 750 802 913 412 360 341 52 557 194
158 596 503 256 314
986 282 880 527 762 842 115 389 715 600
264 78 454 912 523 677 459 969 486 122 761 978 807 400 636 60
739 361 3 209 890
225 16 724 953 833 529 599 682 323 222 498 264
673 650 561 322 93 599 183 111 84 898
422 4 913 118 121 966 954 816 2
956 595 812 91 825 548 773 50 178 329 680 949 95 992 92
170 161 377 136 783 81
627 505 646 455 68 247 499 360 250 631 691 976
84 790 883 126 676 551 374 839 925 985 311 103 593
948 760 370 884 885 577 494 297 650 990 829 442 571 64 430 377 950
43 507 583 811 14 517 436 565 856 810
887 630 815 691 562 56 22 987 198 764 956 734 510 439
309 175 436 474 464 44 361 230 956 644 777 428 661
566 835 728 363 381 219 132 163 618
113 933 542 417 34 347 82 739 48 619 301 800 925 213 658
705 543 211 131 713 528 46
849 22 872 950 327 150 18 246 402 570 932
779 702 304 273 423 899 792 137 401 331 647 461
205 362 159 733 619 661 268 878
182 145 542 843 499 783 49 745 803 257 143 311 445 72 600
969 41 900 112 270 931 567 593 789 483 54
547 56 334 619 872 351 755 687
979 150 613 965 257 704 867 443 61 347 145 877 762
898 251 49 694 728 177 750 173 213 415 399
526 943 666 88 518 361 9 932 680 841 902 476
280 493 481 421 451 266 432 767 392 673
163 365 316 990 94 627 963 988 612
588 53 377 117 618 951 170 988 733 895
39 915 74 582 100 535 724 864 547 286 623 342
442 788 323 885 472 36 120 269 293 384 346 805 888
399 904 434 746 23 292 796 312 856
481 705 153 956 93 966 450 298
276 936 257 553 648 414 810 771 708 176 800 583 525 699 194 126 270
751 62 484 113 587 410 909 624 219 244 4 578 155 383 749 535
428 700 155 899 744 70 679 789 681 570
882 733 308
546 876 988 437 239 396 485 839
584 382 726 327 865 377 183
667 178 728 97 436 933 697 666
844 364 448 344 340 567
773 851 640 802 339
271 800 623 986 609 823 183 985
14 794 933 944 735 941 789
289 431 541 57 484 795 934
685 21 686 858 589 859 930 498 351 871 674 285 669 409
720 744 446 936 429 346 592 331 205 44 12 531
136 763 706 349 529 597 924 864 614 145 708 812 736 618 361 822
408 824 766 722 914 275 315
264 261 891 301
158 529 474 904 850 698 662 680 295 69 467 82
289 790 63 200 363 587 220 254
206 355 930 20 23 117 199 202 437 849 315 506 287
498 674 147 55
607 380 934 199 829 473 366 91 258
391 64 614 946 147 341 239 188 233 353 779 489 262 115
523 201 520 476 348 217
874 940 271 285 28 27 897 793 166 778 89 760
598 61 991 714 912 358 519
409 285 593 867 316 986 666
31 470 178 715 608 614 690
892 271 4 7 678 562 332 443 541
899 81 37 227 502 870 507 274
804 692 274 137 32 926 73 252 158
734 856 788 81 819 828
211 229 881 355 992 587 769 75
691 37 63 8 259 881 125 631 176 278 673
699 683 297 182 968 411 427
883 287 233 562 5 517 959 97 247 534
980 493 488 386 406 886 296 69 697 211 338
271 144 873 565 489 907 662 964 785 694 290 695 43 670 617 58 632 977 6
290 816 312 847 146 370 795 306 135
91 995 180 895 216 689 200 948
510 151 558 52 14 237 901 135 313 97 350 884
879 453 459 42 822 495 248 967 448 218 338 174 502 726 611 573
114 923 667 479 188 437 207 588 355 654 619
1 401 877 567 986 84 117 923 571 444 425 278
265 930 98 280 462 71 370
617 148 53 402 957 892 794 482 727 123
60 810 821 776 705
839 763 357 588 683 506 235
622 663 783 155 793 350 89 84
357 848 856 773 284 288 332 748 145 408 242 905
763 675 739 703 559 867 221 452
603 465 335 853 611 471 133 719
19 947 301 800 932 546 650 420 308 414 116
556 208 787 70 109 163
914 675 998 365 641 465 922 256 315 588 933 915 885 894
477 359 897 268 959 117 376
835 485 320 216 541 303 665 775 351 534 44
2 949 794 403 797 322 37 302
812 377 292 807
31 571 543 361 890 373 484 799 185 171 658
920 989 487 109 694 447 334 290 969 120 692
549 403 193 935 25 21 494 981 963 63 248 513 746 410 250
338 381 433 624 195 368 830 903 776
378 229 137 658 346 964 869 149 391
827 830 206 690 192 134 765 401 290 490 508
373 565 379 979 549 903 483
932 760 827 37 229 575 389 100 50 622 341
315 16 367 203 873 595 599 547
301 441 281 685 877 396
999 291 572 466 104 589 869 591 740
673 972 726 722 360 605 366 838 832 669 124 298
815 327 335 483 611 632 81 311 681 66 163 367 629 62 15
786 176 657 507
964 873 970 168 805 648 997 892
639 24 801 783 615 96 633 425 629
258 87 873 29 274 305 96 370 750 229 706
639 91 61 502 22 60 828 691 118 933 145 305 810 688 668
484 835 36 57 604 999 885 104 196 154 934 506 85
511 389 168 337 697 177 804 448 992 46
897 694 764 99 789 253 427 410 626 163 106 62
189 419 0 184 609
945 507 902 302 141 524 215 538 987 934 83
809 793 961 553 634 501 73 424 772 548 560 288 946 622 926 753 888
609 518 749 426 296 916 575
37 976 888 202 713 806 912 133 830 342
206 301 867 87 965 993 188 343 997 575 393
85 16 701 780 953 519 970 954 408
422 243 532 433 759 919 494 726 438 121 123 703 273 152 187 482
364 913 990 845 39 970 291 159
250 614 479 871 387 573 651 307
472 648 978 725 440 296 289 373 903 886 255 0 910 948 992 761
761 10 394 520 896 115 467 607 147 670
531 411 427 904 754 610 987
195 373 690 477 476 875 573
312 371 647 135 624 827 904 493 30 473
655 680 101 384 817 683 253
279 674 209 790 947 780 5 652 136
387 557 3 253 93 674
467 184 583 334 999 43 927 785 305 32 654 33 693
671 161 435 402 30 846 336 576 256 843 927
63 647 665 738 737 99 695 101 154 319 120
527 968 288 741 899 597 61 725 982
264 299 619 408 533 459 85 940
589 704 737 925 515 185 151 436 586 984
392 103 935 709 133 830 598
403 614 577 205 234 968 100 557 805 638 547 203 381
261 136 115 456 156 680 899 124 343 892 303 344 632 500 235
302 496 916 412 973 851 926 930 21
528 595 664 140 124 611 520 316 123 90 668 533 53 323 822
260 627 370 580 230 842
407 48 726 60 768
551 898 336 6 184 543 61 121 665
725 256 953 366 501 520 487 92 14 387
810 715 431 608 776 652 492 796 163 488 659 495 308 548 392 133
397 407 682 705 351 428 370 859 11 866 155 959 357 639 152 84 782
364 314 111 862 832 102 221 792 227 315 339
786 554 816 224 652 821 456 924 572 588 897 159 975
956 515 451 663 664 184 879 179 70 824 502
670 17 798 263 416 568 239 507 600 200 683
930 688 765 65 699 370 357 959
947 860 347 411 585 441 984 467
65 481 398 615 500 354 713 646 311 416
37 812 132 21 465 62 820 275
802 366 189 983 451 905 422 84 577 580
485 813 14 6 458 769 860 313 783
107 719 710 130 41 245 481 781 539 170
216 127 284 400 19 291 438 348 99 377 577 824 893 543 292 846 612 927 691
455 136 151 121 580 671 358
677 636 588 849 85 983 971 426 406
129 827 913 775 799
374 634 866 26 220 733 212 150 474
86 135 785 305 301 742 923
44 843 259 689 401 793 323 392 611 693
582 580 352 926 286 54 879 194 925 620
233 712 248 926 38 672 284 22 514 951
16 778 560 710 644 149 324 433 463 934
662 327 48 936 901 364 75 792
904 457 943 830 439 364 7 358 125 181 437 652
245 931 42 663 59 444 641 753 291 226 293 486 689
173 689 434 110 844 89 180 919 936 868
197 481 802 56 909 627 322 708
895 716 170 109 606 199 933 985 600 990 298 70 35 431 95 491 358
277 93 596 362 392 506 579 348 828 779 961 239
377 980 400 32 888 13 186
477 558 483 339 671 138 710 403 165 824 115 829 707
371 272 438 778 200 595
904 622 193 619 830 288 790 643 602 167 410
911 223
658 369 983 816 174 39 892 604 548
110 601 239 403 259 137 351 700 872 35
867 350 131 932 794 676 363 739 987
198 65 123 837 578 740 297 928 241 680 280 3 340 154
887 569 654 423 59 748 334 96 408 565 488
960 765 198 36 830 449 469 157 619 3 183
780 691 702 329 705 413 665 896 363 394 155 717
387 268 130 312 388 990 464 492 181 317 486
642 730 384 746 543 10 951 871 813 271 523 382
745 554 644 763 623 192 709 195 790 43 294 748
614 77 623 695 387 50
709 606 388 123 210 390 660 562 902 617 723
96 902 835 303 974 498 63 745 365 439 826 246 109 512 399 532
512 548 34 723 904 744 871 28
109 107 38 852 614 582 359
291 811 825 431 789 576 390 518 158 218 252
624 190 221 736 919 749 941 543 597 324
605 758 449 957 394 320 7 650 763 856 633 340
210 200 449 640 360 396 981 919 53 907 247 815 736
576 477 234 67 785 2 456 869 154 163 87 379 413 499 160 539
758 846 526 602 773 21 859 460 603 518
560 229 732 556 863 204 283 222 358
873 846 696 268 258 822 482 656 758 339 146 710 263 397
94 634 298 127 702 16 929 474 699 995 129 387
402 812 691 534 20
929 751 89 128 121 508 214 925 708
601 379 145 612 434 856 479 523 269 498 657 789 325 446
820 988 142 577 508
727 120 131 238 28 620 229 379 92 828 79 965 902 476 945 794
553 184 104 540 465 862 976 775 221 394 246 773 855 601 624 743
800 906 764 763 702 42 440 986
699 727 518 574 14 872 363
182 518 224 92 449 900 312 102 828 367 895 127 123 702
801 318 83 331 379 28 821 495
625 360 173 990 582
645 638 31 65 545 300 969 998 644 169
919 570 828 599 843 9 377 62 533
539 660 712 485 315 276 582 76 678 286 481 632
430 536 198 918 208 456 267 227 278 16 566 878
896 757 903 45 715 638 867 604
585 497 121 217 965 566 357 543 267 916
664 346 543 368 606
237 158 189 123 794 751 676 86 20 181 378 803
838 584 791 542 858 512 269
382 431 257 725 523 753 955
685 336 879 99 540 455 875 677 425 625 342 248 506 706
722 508 261 351 655 262 987 110 8 398 851 348
998 914 592 425 719 711 102
491 242 134 448 660 865 677 352 248 392 77 106 314 684 58 24 686
378 890 381 331 556 352 924 593 295 63 69 947 988
77 609 143 70 307 496 60 759 834
987 881 223 899 505 762 489 861 116 403 100 620 660 915 159 46 552 896 894 857
270 520 884 53 856 916 879 67 581 699
90 304 130 753 913 650 65
751 925 756 520 506 734 446 873 679 917 646
665 927 75 835 663 610 922 830 52 256 373 877
257 221 631 641 676 650 902 893 411 366
821 130 467 701 265 765
827 640 983 691 80 162 441 216 305 326 866
873 30 260 71 292 590 627 489 267 3
454 14 44 781 531 973
205 355 736 240 977 619 533 373 244 693 473
184 647 42 957 80 808 447 93 929 299 47
771 349 269 738 105 384 660 776
759 254 330 414 417 400 397 23 899 155 396
838 17 799 782 788 631 816 701 306 163 766 25 260 557
519 882 86 831 296 822 768
380 239 867 15 265
700 841 213 576 101 394 50 521 186 136
798 745 667 273 861 326 665
420 476 215 990 216 731 502 165 37 812 258 868 259
618 113 804 415 596 984 895 698 967 607 745
271 889 511 616 576 303 593 396 346 159 805 458 547 291 330
685 682 990 386 551 967 391 436 306 751
497 142 487 512 281 820
853 117 419 923 127 427 414 304
764 193 662 152 34 102 458 62 781 36
75 115 754 817 724 418 106
843 675 85 940 181 759 284 982 920
921 457 87 825 636 509 301 492 501 337 835 259
829 537 72 759 5 708 213 993 772 485 983
743 884 516 211 452 817 79
754 670 931 715 27 520 161 165 231 672
609 267 606 855 41 257 247 973 345 389
910 130 261 365 606 210 312 442 717 808
808 938 475 805 556 260 488 656
743 301 330 980 657 768 122 151 970 21 575
161 22 950 205 154 993 607 15 772 199 237 302
858 977 931 637 126
740 238 275 59 1 735 435 683
31 372 519 802 339 508 341 137 667 771 268 128
918 193 663 723 493 666 435 125 230 725 920 263
289 129 13 822 504 662 91 937 285 955 567 778
985 64 367 137 438 86 187 431
51 658 555 937 383 380 332 663
315 440 670 208 192 994 589 406 507 197 169
429 471 205 497 581 363 883 945 788
507 708 679 696 182 387 355 846 157 284 54 727
471 416 903 963 396 890 358 169 33 401 80 151 211 953
707 831 885 762 19 698 951 644 143 588
736 883 963 134 731 838 862 3 598 144 853 75 930
876 434 122 66 228 451 114 495
465 197 930 129 415 708 879 226 828 173 998
693 267 16
217 671 674 883 676 917
48 718 964 784 593 160 161 732 178 395 734 364 262 132 704 969
128 572 483 852 897 73 972 807 469 318 446 461 902 530
597 844 321 31 166 474 25 596
705 946 753 342 473 277 926 252 496
163 553 520 663 556 421 684 922 224 347 257 896 233 671 415
585 730 442 684 404 977 485 818 866 90
846 956 659 625 195 570 711
276 243 46 521 190 719
951 304 324 883 499
976 130 62 465 2 251 740 847 366 616 720
29 865 538 461 630
799 440 401 899 962 905 324 246 168 154 912 399
951 39 717 506 248 744 954 256 459
197 831 817 741 588 734
320 555 514 674 70 479 998 885 988 433 683 407 79
16 22 62 945 466 979 776
122 312 817 169 990 683 635 77 562 361 166 173
185 982 276 973 619 208 552 860 129 885 568 11 717 423 299 774
58 298 974 486
160 262 641 448 530 430 927 651 331 310 938 858 417 746
491 889 389 805 528 648 435 146 265
660 592 942 382 602 345 998 337
204 714 349 631 207 730 909 42
830 719 341 107 57 867 446 190 856 620
83 554 80 493 249 952 580 480 902 100 934 630
864 842 170 935 759 37 791 9
673 392 637 543 604 898 133 320 925
622 827 578 990 353
227 862 15 92 559 288 163
503 942 719 303 832 537 169 328 369 750
585 329 876 494 516 669 508 57 139 680 108 10 418
827 119 83 524 482 663 602 193 135 846 652 832 298
697 784
844 862 98 34 491 415 642 621
588 948 205 94 530 554 439 188 882 638 912 866 992 843
516 959 551 696 26 32 439 656 34 563 149 110 682
798 207 238 517 903 544
369 445 504 619 13 121 162 310 261 207
261 127 563 223 899 378
795 624 723 427 952 910 458 150
770 986 719 341 635 565
684 165 515 558 416 223 834 968 506 488
925 977 203 893 687 874 580 393 41
962 847 471 744 31 112 646 931 629 514 446
882 873 116 357 493 122 696
164 536 725 223 925 141 262 584
453 739 141 579 779 726 611 503 33
298 126 954 590 188 347
873 322 12 564 920 760 81 383 474 149 142 259
414 140 959 739 310 210 132 716 296 34 952 204 358 858 356 262 738 811
588 353 156 218 333 392 20
345 275 619 552 401 88 506 390 877 582 484
439 291 669 469 484 820 180 926 168 149 266 348 808
564 446 479 678 628 520 724 377 186 428
36 630 276 326 151 823 662 451
159 132 282 52 267
144 461 318 485 54 577 948 56 194 869 672 216
622 544 318 719 654 128 847 478
345 960 775 847 383 969 731 772 952 302 601 735
838 971 291 3 90 64 890 853 764 303 166 342
55 996 260 854 130 359 198 922 537
868 44 35 681 41 811 37 70 251 923 728 628 55 419
881 257 73 711 552 897 622 341 883 268 687 288
547 888 746 166 106 94 676 300 4 178 614 520 720 890
230 153 21 454 515 813 202 346
287 521 232 632 623 650
215 931 479 326 733 82 669 266 358 434
5 979 903 183 892 322 985 127 13 358 300 284 137 666
712 790 570 786 572 635 237 958 141 92 369 600
690 428 389 354 686 682 31 7 102 582 648 984 756 246 337 265 537
397 734 527 239 960 340 962 312 483 945 381 185 463 213 147 237 650
570 420 782 351 643 659 298 652 709 568 972 590 177 610 392
359 369 753 304 357 772 396 395 366 720
788 356 240 46 225 389 621 576 790 307 160 14
869 297 860 981 476 321 16
45 842 123 800 946 357 345 348 178 169 108 704
380 487 562 860 836 666 709 583 133 846 273 733 232 81
202 940 835 987
180 30 932 937 301 7 18 657 416
719 818 754 697 282 432 576 108 276 201 50 198 369
553 456 337 282 39 482 253 221 219 293 870 338 510
271 254 388 853 297
722 933 315 498
784 834 364 870 473 71 320 145 468 137 433 615 931
638 271 732 493 269 690 605 193 793
761 792 256 513 442 44 645 242 954
965 594 357 328 381 433 103
765 114 674 969 676 605 351 835 751 197 790 912 632 24
56 817 802 429 347 544 932 816 768
48 555 53 193 325
490 634 44 900 431 525 120
94 876 285 464 8 523 218 886
1 172 335 514 9 613 191 225 385 700 19
61 760 668 423
729 966 149 226 818 557 840 379 89 754
330 208 819 236
112 252 737 683
555 340 324 897 537 706 199 680 366 484 671 782 360 504
447 426 96 930 705
53 518 742 70 213 115 335 311 808 697 778 294
29 297 518 340 2 620 674 392 268
372 77 835 833 626 34 776 470 318 950 110 122 352 404 630
705 723 998 117
401 792 683 787 89 621 754 37 991 224 86 410 960 901 924
96 50 337 675 31 44
112 784 260 948 926 520 393 466 982 502 256 172
87 769 905 891 702 914 88 511 300 430 125
636 151 620 764 793 10 99 712
206 656 721 782 532 989 158 591 496 556 693
135 820 889 315 645 724 271
833 414 673 569 202 164 815 108 427 575 891
53 38 842 99 535 382 839 135
595 993 27 662 23 518 667 99 950
490 996 19 914 55 205 469 685 495 655 116
676 713 579 81 803 581 543 807 217 67 5 986 260 117 573 708
530 235 375 801 180 394 220 87 219 209 213
276 699 442 200 599 283
755 850 510 789 462 301 73 46 225
549 79 881 344 349 810 370 574 709 935 496
46 126 200 86 692 335 492 463
547 124 699 169 623 64 454 639 756 706
473 106
245 705 821 226 877 37 943 167 538 296 155 443 996 266 539
803 56 208 720 509 215 62 379 44 793 886 230 952
541 754 395 482 758 821 272 172 921 131 767 750 305
403 706 735 923 483 973 0 377 928 546
457 503 753 483 171 773 583 776 560 924
542 118 70 332 311 882 596 317 850 243
658 485 21 430 379
822 112 236 649 590 149 87 938 588 503
167 726 779 340 868 166 894 237 23 102
703 565 818 752 137 438 111 475 822
157 865 947 343 283 17 185 352 949 522 869
534 174 164 200 826 551 612 654 155 579
142 223 122 121 801 453 969 327 632 710
152 160 116 889 454 560 46 705
647 951 109 289 545 294 469 725 962 686 501 971
999 693 597 404 223 178 660 763 705
446 585 5 932 530 821 561 856 760 228 622 912 194
497 617 900 281 785 477
535 350 705 987 770 55 491 72 508 607 162 951 934 612 718 797 60
110 305 686 494 322 193 232 998 849 898 461 907 209
172 459 971 952 642 454 546 157 448 862
251 309 666 240 587 956 783 682 710 665 760 498
972 826 752 693 280 333 596 75 959 135 571 568 795
412 922 643 358 652 310 504 667 40 598 523 977 423 101 600 60 927
240 865 210 186 770 362 230 0 77 254 222 629 555
339 684 7 435 966 13 146 292
16 198 543 672 900 203
932 69 950
247 507 646 348 781
738 163 7 922 296 64 165 995 142 596 798 280
204 231 105 63 174 653 963 256 943 426
474 19 925 531 793 590 846 770 897 336
127 232 594 478 635 373 707 471 269 354
932 560 701 241 865 872 106 251 356 172 993 521
933 502 40 0 259 705 69 346 245 165 560 992
926 613 706 980 589 694 31
396 370 116 965 95 758 708
745 323 347 296 692 324 250 260
690 670 55 387 593 672 6 645
566 127 416 435 955 310 807 313 348 745 981 732
320 187 62 733 145 395 985 883
904 145 302 910 763 560 78 709 32 819 335
78 943 548 985 311 203 884 990 404 549 15 820 637 729 79 304
389 36 179 520 622 703 225 885 862
801 191 708 103 609 363 970 912 804 262 482 187 639 679 488 785
640 219 916 450 320 639 225 864 536 762 613 40 279 811 588
990 376 709 469 399 778 604 605 904 632
330 337 657 15 417 884
679 287 677 337 380 934 716 973
625 550 34 384 525 973 756 70 518 613 355 109 857 754
192 644 736 447 825 940 21 742 494 391 802 298 178 145 842
914 572 837 897 558 908 991 949 656 847 498 193 490
64 915 516 488 647 841 94 560 582 945 335 280 512 183 200
239 350 24 527 419 899 157 442 929 517 583 783 587 641
784 322 567 610 121 949 877
506 642 519 180 140 939 317 645 444
410 837 748 746 970
739 316 778 350 888 247 238
78 158 247 29 936
836 530 931 732 950 140 608
204 967 60 11 203 670 287 272 106 516 33
981 188 266 788 780 246 289
923 498 643 881 340 212 131 50 324 911 59
516
979 587 275 967 4 829 933 774 682 750
528 968 762 449 414 834 588 301 192 78
558 891 626 602 330 703 288
483 793 815 864 247 297 456 31 596 545
101 96 62 563 411 932 230 479 158 935 891
453 490 58 741 11 223 940 115 860 265 908 871 483
771 895 177 501 899 767 662 640 753 393 50
326 798 901 783 808 817 14 882
618 377 476 592 752
249 360 265 806 371 478 353 771 592 420 844 325 319 278
82 453 920 147 746 183 698
765 623 479 505 902 232 485 314 486 311
998 21 347 551 671 716 260
411 827 429 235 371 119
4 808 794 991 74 561 270 903 541 81 56 620 625
659 817 9 829 161 293 862
588 13 88 355 648 288 394 86
802 382 770 829 137 139 115 895 147
754 332 63 752 567 911 500 104
579 967 759 196 65 207 543 569 102 379 324
845 285 496 917 694 192 682 591 458
853 135 157 478 906 167 505
367 260 964 941 371 547 945 727 725 460
607 294 946 311 540 408 800 611
494 846 434 18 817 474 893 566 689 759
196 579 400 925 937 592 594 740
990 901 818 236 116 66 634 175 436 895 311
903 226 576 415 50 358 198 178 760 830
930 776 172 3 884 613 714 59 737 929
144 389 340 666 253 119 146 777 337
112 38 233 221 265 180 987 367 622
768 590 683 388 98 149 442 481
742 715 801 764 904 349 543
380 596 474
105 826 945 496 571 411 11 774 463
542 439 178 649 740 460 916 293
942 151 275 405 75 672 833 567 373 920
202 776 200 864 732 607
712 654 634 629 734
310 114 725 828 626 153 609
337 923 826 747 647 226 330 921 394 482 515
799 473 118 75 549 515 873 684 29 532
705 899 28 173 485 59 366 587 975 700 199 346 836 598 656
245 9 510 98 214 681 257 501 337 773 259 500 703
566 867 438
927 971 727 250 775 500 594 923 724 661 647 126 380 483 351 786 688 411 286 177
221 959 932 125 531 95 862
60 538 25 356 479 584 793 223 596 915
237 457 741 871 92 331 734 591 914 464
335 402 749 120 181 431 145
545 330 45 910 677 146 319
206 872 145 128 819 105 117 881
85 579 296 148 591 239
701 453 560 957 773 900 861 689 756 780
80 896 575 343 604 583
