137
139
962
802
514
339
906
292
564
812
678
534
7
837
937
748
51
258
354
359
561
477
898
281
728
142
681
508
744
667
512
97
217
758
917
965
845
594
970
196
234
18
969
434
755
228
470
118
107
668
852
423
436
136
480
161
960
9
67
445
796
162
289
517
795
238
938
316
532
285
156
26
398
175
106
880
473
282
814
159
492
362
405
375
42
684
986
799
635
129
93
603
557
133
610
103
295
13
220
524
254
840
388
333
809
353
786
578
176
212
636
150
798
723
861
998
701
711
765
625
688
173
20
412
613
916
589
426
857
447
716
47
90
707
913
232
824
521
766
190
325
848
48
616
407
432
466
462
201
529
523
850
876
510
437
244
422
478
966
505
956
314
472
158
939
247
909
646
627
615
370
550
71
104
575
999
80
386
328
0
586
609
515
823
230
905
222
138
229
111
413
191
851
385
381
487
219
874
235
409
420
294
332
963
500
365
283
875
599
195
322
935
784
791
697
269
717
105
911
653
223
443
315
841
722
101
601
253
372
300
689
65
153
984
114
54
207
781
204
675
863
96
949
563
797
261
522
264
608
533
690
919
645
868
889
167
452
735
516
941
11
979
774
945
275
249
467
279
74
453
955
698
753
143
6
617
336
179
623
664
695
368
141
187
747
86
637
742
977
349
444
936
642
327
893
801
203
573
595
651
272
450
30
713
489
211
538
769
29
581
274
536
804
164
892
579
997
85
592
953
476
833
297
540
182
751
387
378
569
391
727
685
574
441
299
428
160
72
108
869
427
598
531
714
454
894
46
878
463
309
464
486
777
974
144
449
183
1
743
740
980
460
967
964
102
186
649
32
45
225
924
885
171
410
94
66
236
854
819
537
788
942
780
602
674
526
55
307
2
859
518
21
957
551
148
308
509
733
457
326
952
901
971
634
983
712
305
87
888
590
806
126
10
866
764
404
27
871
23
504
746
662
813
630
458
730
152
242
844
513
448
584
511
382
218
8
384
503
442
976
98
468
344
170
38
119
958
411
626
947
891
157
659
36
243
455
633
580
425
180
41
631
130
738
210
345
817
731
75
981
151
323
395
921
985
826
5
541
287
319
73
4
421
499
481
68
209
475
739
805
33
112
855
737
606
665
390
284
302
587
507
113
725
618
14
266
825
82
260
918
250
459
226
853
729
419
202
836
940
732
982
200
545
995
146
544
290
383
84
629
189
116
803
696
181
661
312
293
25
110
700
655
35
820
628
132
343
367
975
233
640
672
907
900
849
44
638
843
193
567
494
789
329
31
761
321
377
501
895
951
767
304
252
669
431
994
120
240
832
389
418
251
768
847
816
318
687
495
872
996
117
525
355
715
373
571
549
877
79
313
363
306
719
17
392
785
673
379
887
658
654
369
831
772
197
271
461
3
245
644
931
736
231
351
184
49
497
177
276
838
754
883
750
471
52
360
954
771
39
172
973
930
756
465
91
205
611
968
408
555
357
553
839
870
53
76
317
374
482
925
708
873
543
565
890
818
166
822
720
519
429
255
433
842
364
621
792
34
794
149
451
12
807
259
214
988
773
320
185
227
535
81
265
721
15
787
559
556
703
69
908
950
490
246
683
862
991
95
334
604
693
757
267
694
585
99
699
248
547
338
568
776
208
882
886
542
406
273
593
759
734
213
121
679
929
677
127
346
726
291
263
624
670
749
440
194
100
131
682
28
530
89
221
57
16
147
597
896
178
479
548
619
163
910
296
342
762
277
174
416
58
40
926
639
352
860
835
562
216
815
56
43
484
583
506
810
552
60
992
596
978
474
912
19
224
686
828
648
779
491
401
752
903
959
620
782
446
897
932
656
867
989
566
920
348
396
435
206
570
134
702
660
394
961
88
865
914
241
262
424
588
793
948
864
393
591
188
165
800
558
301
92
993
331
414
946
834
704
70
858
115
415
356
438
83
783
554
622
456
692
278
257
496
347
488
417
155
718
330
928
337
22
741
607
288
821
341
198
485
691
539
125
745
493
311
376
128
400
192
663
763
520
145
582
61
109
469
811
439
268
63
666
399
770
168
335
577
632
846
676
397
371
135
600
827
790
652
830
643
904
922
78
923
884
546
237
154
430
310
808
358
972
50
572
760
902
710
641
778
927
709
256
560
915
502
724
37
881
705
403
350
899
987
59
303
612
680
498
943
340
657
280
77
270
706
879
169
775
361
324
122
402
24
934
239
528
64
933
647
298
576
605
671
650
483
829
527
366
856
199
62
380
990
286
215
140
614
124
123
